123 189 129 287 178 284 172 186 1
161 43 144 112 178 120 195 51 2
6 28 54 114 97 90 49 4 2
229 244 302 280 284 316 211 281 3
255 244 225 297 252 312 282 259 3
243 142 248 170 262 168 257 140 9
260 139 266 168 280 165 274 136 9
240 142 245 169 231 172 226 145 9
90 149 95 180 111 178 106 146 8
86 149 91 181 75 184 70 152 8
111 144 114 179 132 178 129 142 8
30 245 49 267 38 276 19 255 8
16 258 35 279 25 288 5 268 8
35 243 53 265 64 256 46 234 8
284 169 277 131 221 141 228 179 100
140 180 131 133 61 147 70 194 100
24 294 0 264 44 228 68 258 100
