193 191 203 228 222 223 212 186 4
219 185 229 220 246 215 236 180 4
242 178 252 217 272 212 261 173 4
141 219 113 268 138 282 166 233 8
55 244 14 336 60 356 101 264 9
5 16 31 103 74 90 48 3 1
7 203 60 178 72 204 19 230 4
246 88 244 129 224 128 226 87 0
273 90 271 134 293 135 295 91 0
252 89 249 130 270 132 273 90 0
227 280 255 285 253 299 224 294 9
227 276 255 282 258 268 230 262 9
224 298 254 302 252 317 222 313 9
199 125 189 151 202 156 212 130 8
197 122 186 149 172 144 183 116 8
215 131 204 158 218 164 228 136 8
146 85 155 103 164 98 155 80 8
158 78 168 97 178 92 168 73 8
141 86 151 106 141 111 131 91 8
278 215 265 165 187 185 200 235 100
267 265 224 256 212 314 255 323 100
235 135 220 170 166 146 181 111 100
300 138 302 86 222 82 220 136 100
169 67 183 96 141 116 127 87 100
