92 225 167 235 162 273 87 263 3
222 114 270 169 298 145 249 90 2
157 282 156 360 195 360 196 282 1
145 149 152 182 168 178 161 146 0
163 143 170 181 189 178 182 140 0
145 147 152 187 132 190 125 150 0
123 215 110 281 143 288 156 222 3
92 169 81 196 94 202 105 174 9
88 166 77 194 63 188 74 160 9
108 176 98 202 111 207 121 181 9
99 78 124 112 141 100 116 65 4
95 80 125 113 108 128 79 95 4
117 61 141 95 158 83 134 49 4
234 242 269 232 274 250 239 260 8
239 265 274 255 279 272 244 283 8
235 237 267 229 263 213 231 221 8
197 180 186 132 116 148 127 196 100
128 176 114 215 58 193 72 156 100
167 83 131 43 73 93 109 135 100
268 205 222 217 240 287 286 275 100
12 165 39 175 34 188 7 178 8
12 163 39 174 44 160 17 150 8
10 182 32 189 28 200 6 193 8
46 161 16 150 0 192 30 203 100
