7 16 26 99 68 90 49 6 1
143 84 156 104 166 98 153 78 8
159 78 169 97 178 92 168 73 8
141 85 151 105 141 110 131 90 8
201 189 210 226 229 222 220 184 4
225 182 234 220 253 216 244 178 4
248 179 258 214 276 209 266 174 4
108 168 85 211 107 222 130 180 2
82 163 137 189 124 216 69 190 2
5 203 60 173 75 200 20 230 4
184 258 136 294 154 318 202 282 6
61 246 17 333 60 355 105 268 9
244 89 242 126 260 127 262 90 0
265 91 262 130 282 132 284 92 0
240 88 238 129 218 128 220 87 0
198 123 185 148 198 154 210 130 8
212 131 201 156 213 162 224 136 8
194 123 183 146 172 140 182 118 8
226 280 254 288 250 302 222 294 9
228 277 253 284 256 272 231 265 9
223 298 250 305 246 318 220 312 9
138 116 125 86 171 66 184 96 100
208 233 196 183 270 165 282 215 100
216 80 212 130 288 136 292 86 100
183 111 167 142 213 166 229 135 100
265 269 225 259 211 313 251 323 100
