255 27 238 110 280 119 296 36 1
93 61 152 42 162 72 102 90 2
105 32 127 102 162 91 140 21 2
271 127 317 185 288 208 242 150 2
147 230 159 269 178 263 167 224 0
173 222 182 262 202 258 193 218 0
212 257 231 278 221 288 202 266 2
200 270 218 291 208 300 190 279 2
64 149 41 182 57 194 81 160 0
85 163 61 196 78 208 101 175 0
205 158 188 197 208 206 224 166 0
201 156 183 196 163 187 181 147 0
176 149 158 188 138 179 156 140 0
104 180 85 212 101 222 120 190 0
188 281 205 302 194 310 178 290 2
195 217 208 252 226 246 212 211 0
158 274 145 224 217 206 230 256 100
35 187 61 144 127 184 101 227 100
233 159 215 212 131 184 149 131 100
193 318 169 288 215 252 239 282 100
