11 16 31 99 72 89 52 6 1
102 193 160 174 170 203 112 222 2
217 195 207 229 224 234 234 200 4
239 200 230 235 247 239 256 204 4
258 208 251 244 269 248 276 212 4
188 256 137 292 155 318 206 282 6
250 88 245 129 266 132 271 90 0
273 92 267 133 287 136 293 95 0
245 90 242 129 223 128 226 88 0
229 267 257 272 254 286 226 281 9
227 285 254 291 251 304 224 298 9
223 303 250 308 247 322 220 317 9
180 116 170 140 182 145 192 121 8
198 124 187 148 199 154 210 130 8
215 131 202 158 216 164 228 138 8
148 83 155 100 164 96 156 79 8
144 82 153 102 143 107 134 87 8
160 77 167 92 174 89 168 74 8
116 174 133 221 156 212 140 166 2
215 187 203 234 271 252 283 205 100
223 79 219 135 293 141 297 85 100
266 269 226 260 212 320 252 329 100
179 110 164 144 218 168 233 134 100
143 114 128 86 168 64 183 94 100
