123 35 93 117 134 132 164 50 1
240 51 198 137 241 158 283 72 2
244 272 228 349 266 357 282 280 4
146 139 142 163 154 165 158 141 2
163 139 158 164 170 166 176 142 2
142 138 140 162 128 161 130 137 2
120 222 157 247 144 266 108 240 0
108 244 142 268 130 285 96 261 0
123 220 161 243 172 224 134 201 0
207 196 225 234 244 225 226 187 0
231 188 247 222 264 214 248 180 0
204 198 221 237 201 246 184 206 0
122 134 120 166 178 170 180 138 100
179 226 134 194 86 262 131 294 100
198 249 179 202 253 172 272 219 100
244 239 240 265 253 267 257 241 9
260 241 255 269 269 272 274 244 9
240 237 237 265 223 264 226 236 9
224 229 217 265 273 277 280 241 100
