174 46 209 119 245 102 210 29 2
64 138 113 213 150 188 102 114 1
228 149 219 174 232 178 240 154 8
246 159 237 181 248 186 257 164 8
117 232 115 260 129 261 131 233 9
137 230 134 259 148 260 152 232 9
126 289 196 291 195 326 125 324 3
56 29 58 74 80 73 78 28 4
82 30 85 75 108 74 104 28 4
54 31 53 73 32 72 33 31 4
261 164 250 189 262 194 274 170 8
153 279 148 338 178 340 183 282 3
155 232 152 259 166 260 168 234 9
166 187 172 224 191 221 185 184 0
160 187 167 226 148 230 140 190 0
182 183 190 222 209 218 201 179 0
29 22 27 78 107 80 109 24 100
114 226 112 263 172 265 172 226 100
137 184 144 234 220 224 213 174 100
226 146 214 181 268 199 280 164 100
22 107 36 131 48 124 34 100 8
38 98 50 122 62 116 50 92 8
20 109 34 132 23 139 9 116 8
20 143 4 112 50 88 66 119 100
