101 190 154 213 142 240 90 216 4
186 68 163 84 171 96 194 80 8
198 84 175 100 183 112 206 96 8
303 88 233 111 244 146 314 123 4
230 203 240 271 274 266 264 198 7
101 125 155 135 150 162 96 152 10
120 111 110 163 136 168 146 116 10
126 112 156 154 135 169 105 127 10
140 116 99 146 114 166 155 136 10
175 295 226 295 226 320 175 320 10
189 276 191 333 219 332 217 275 10
213 278 171 312 188 333 230 299 10
196 280 229 322 208 338 175 296 10
208 101 184 116 192 128 216 113 8
126 171 89 237 122 256 159 190 4
192 61 159 79 189 135 222 117 100
