129 87 113 143 141 151 157 95 2
105 99 168 114 160 146 98 130 2
185 269 231 307 212 330 166 292 6
161 149 159 195 182 196 184 150 2
141 154 201 157 200 187 140 184 2
184 59 191 76 200 72 193 55 8
198 55 206 75 216 71 208 51 8
213 52 219 69 227 66 221 49 8
249 195 233 225 248 233 264 203 4
269 203 250 235 266 244 285 212 4
288 215 268 246 284 256 304 225 4
309 176 289 198 300 208 320 186 8
323 190 306 211 317 220 334 199 8
163 219 160 261 181 262 184 220 0
156 219 150 263 128 260 134 216 0
190 224 184 265 204 268 210 227 0
224 105 261 121 253 140 216 124 0
225 102 263 118 271 99 233 83 0
214 126 252 144 243 163 205 145 0
342 209 325 231 314 222 331 200 8
285 261 277 284 288 288 297 265 9
301 265 293 290 306 294 314 269 9
280 259 272 285 259 281 267 255 9
180 54 188 84 234 72 226 42 100
309 169 283 197 331 241 357 213 100
129 208 123 263 215 273 221 218 100
265 252 255 282 309 298 317 266 100
245 186 224 225 290 261 311 222 100
278 98 229 77 199 147 248 168 100
