83 112 146 122 141 154 78 144 7
18 78 53 106 39 124 4 96 0
204 234 263 270 245 300 186 264 4
130 57 187 60 185 89 128 86 10
145 43 142 95 168 96 171 44 10
168 41 127 76 144 96 185 61 10
147 43 186 82 166 102 128 62 10
27 155 75 157 74 181 26 179 10
44 143 39 194 65 196 70 146 10
64 146 20 178 36 200 80 168 10
46 142 80 183 60 200 26 159 10
65 258 98 272 91 288 58 274 0
57 275 90 287 84 304 51 292 0
65 256 98 271 106 254 72 240 0
144 214 168 226 162 238 138 226 8
145 210 170 224 177 212 152 198 8
136 230 162 243 156 256 130 243 8
113 253 71 233 43 293 85 313 100
183 207 145 191 123 245 161 261 100
