171 49 213 124 251 103 209 28 2
282 141 210 216 247 252 320 177 2
123 291 201 292 201 331 123 330 3
37 106 29 134 43 138 51 110 8
57 113 49 141 63 145 71 117 8
76 117 68 144 82 148 90 121 8
144 275 145 337 176 336 175 274 3
132 224 139 258 156 254 149 220 0
128 224 137 261 118 266 110 228 0
148 219 157 253 174 248 165 214 0
48 244 95 250 92 274 45 268 4
50 243 93 248 96 226 52 222 4
50 268 88 273 86 292 47 287 4
98 120 86 158 22 138 34 100 100
103 224 115 272 185 254 173 206 100
102 224 46 218 38 294 94 300 100
