215 126 207 167 228 171 236 130 0
242 133 234 172 254 176 262 137 0
228 250 213 295 236 302 250 258 4
27 156 76 158 75 182 26 180 10
41 145 36 198 62 200 67 148 10
61 145 25 181 43 199 79 163 10
40 143 77 181 58 200 21 162 10
87 122 136 119 138 144 88 146 10
99 107 103 162 130 160 127 105 10
120 105 83 141 101 160 138 124 10
106 108 141 147 122 164 87 126 10
264 138 257 177 276 180 284 142 0
202 251 268 268 260 301 194 284 4
68 296 80 336 100 330 88 290 0
64 297 76 337 56 343 44 303 0
85 291 98 333 119 326 106 284 0
211 121 201 170 285 188 295 139 100
39 299 53 349 129 327 115 277 100
38 39 41 70 56 68 53 38 8
56 37 58 67 73 66 71 36 8
32 38 35 70 19 72 16 40 8
12 40 15 76 83 68 78 32 100
