162 60 166 94 183 92 179 58 4
185 58 187 93 205 92 203 57 4
206 55 210 92 228 90 224 53 4
87 141 46 206 79 226 120 162 1
101 100 170 108 166 142 97 134 2
123 89 115 146 144 150 152 93 2
132 273 178 317 156 340 110 296 6
256 152 234 186 251 197 273 163 0
277 164 254 199 272 210 295 176 0
254 151 233 184 216 173 237 140 0
180 215 155 253 174 266 199 228 0
176 214 151 252 132 240 157 202 0
199 230 179 266 197 276 217 240 0
163 100 159 56 227 50 231 94 100
237 132 208 175 270 217 299 174 100
155 196 127 241 199 285 227 240 100
