10 39 15 70 31 68 26 36 8
32 38 37 65 51 62 46 36 8
224 246 210 301 238 308 252 253 4
87 122 139 123 138 149 87 148 10
101 106 98 163 126 164 129 108 10
122 107 85 142 103 160 140 126 10
103 104 137 144 117 161 83 121 10
24 158 80 159 80 187 24 186 10
35 142 34 202 64 202 65 142 10
60 142 22 177 40 196 78 161 10
44 144 76 182 57 198 25 160 10
53 34 55 62 69 61 67 33 8
204 250 269 268 260 300 195 282 4
67 298 77 336 96 331 86 293 0
62 297 75 338 54 344 42 304 0
86 293 95 328 112 324 104 288 0
11 74 6 34 72 26 77 66 100
37 299 48 348 126 330 115 281 100
172 145 167 192 190 194 196 148 4
168 142 164 191 139 189 143 140 4
195 146 191 195 216 197 220 148 4
142 134 135 195 221 205 228 144 100
