243 97 311 135 292 169 224 131 2
217 210 306 264 279 308 190 254 2
44 57 61 127 96 118 79 48 7
10 145 43 218 80 202 47 128 1
35 247 53 269 42 278 24 256 9
38 245 58 269 70 259 50 235 9
21 259 38 280 28 288 10 268 9
134 220 142 257 161 253 152 216 0
131 220 140 258 121 262 112 224 0
151 217 158 253 176 250 169 214 0
117 135 157 153 148 173 108 155 4
119 130 158 148 167 128 128 110 4
106 157 149 176 140 198 97 178 4
26 296 3 265 51 229 74 260 100
118 268 107 221 177 205 188 252 100
175 126 124 104 90 182 141 204 100
