155 210 121 245 138 262 172 227 4
31 187 53 207 43 218 21 198 8
19 202 39 223 28 233 8 212 8
41 252 94 252 94 278 41 278 10
51 234 56 292 85 290 80 232 10
74 230 36 271 57 290 94 249 10
53 231 94 267 76 288 35 252 10
129 201 179 247 156 272 106 226 4
175 82 147 104 158 118 186 96 0
175 80 144 103 132 88 164 64 0
189 95 161 117 172 131 200 109 0
164 59 127 89 169 141 206 111 100
170 152 165 201 190 204 195 154 4
168 151 164 201 139 199 143 149 4
195 155 192 204 216 206 220 156 4
140 144 134 204 220 212 226 152 100
28 240 0 211 46 165 74 194 100
