124 88 153 113 140 128 112 102 2
126 85 157 110 170 94 138 70 2
108 103 137 131 123 146 94 118 2
70 265 48 295 63 306 85 276 8
65 261 42 292 27 280 49 250 8
88 276 64 309 80 321 104 288 8
111 270 151 252 160 272 120 290 0
151 248 108 268 98 246 141 226 0
159 277 120 294 128 314 168 296 0
203 147 188 183 206 190 221 154 0
220 155 207 188 223 194 236 162 0
200 146 186 181 168 174 182 139 0
128 154 88 123 136 61 176 92 100
49 242 20 283 84 329 113 288 100
142 219 91 243 129 323 180 299 100
180 133 163 180 229 204 246 157 100
