226 109 311 100 316 142 230 152 2
88 44 154 77 138 110 72 77 7
60 133 115 146 108 174 53 160 6
138 158 191 160 190 186 137 184 10
158 142 156 197 184 198 186 143 10
176 142 141 179 160 196 195 160 10
156 141 199 177 181 199 138 162 10
223 239 287 300 256 332 192 271 9
181 243 143 289 166 308 204 262 10
62 263 105 264 104 286 61 285 0
66 259 105 261 106 242 67 240 0
64 287 106 289 105 310 63 308 0
212 108 179 127 188 144 222 124 2
198 92 225 147 198 160 170 106 2
145 214 151 239 164 236 158 211 9
163 208 168 234 181 232 176 206 9
142 213 149 240 136 244 129 216 9
176 239 180 298 151 300 147 241 10
111 237 57 236 55 312 109 313 100
121 214 130 250 188 236 179 200 100
