249 38 198 102 230 128 281 64 9
52 78 112 78 112 108 52 108 10
68 61 71 117 99 116 96 59 10
89 52 53 98 76 116 112 70 10
74 58 112 101 90 120 52 77 10
179 231 162 326 209 334 226 240 2
135 144 189 122 200 149 146 171 2
143 118 164 177 194 166 172 108 2
96 260 70 305 93 318 119 273 0
39 181 56 213 72 204 55 172 2
60 170 75 204 92 196 77 162 2
79 160 94 194 111 186 96 152 2
224 182 226 224 247 223 245 181 0
247 182 246 225 267 226 268 182 0
222 182 220 225 199 224 201 181 0
55 221 33 175 97 145 119 191 100
197 174 194 227 274 231 277 178 100
