61 88 79 131 101 122 83 79 4
38 231 61 262 76 250 53 220 4
187 94 225 108 232 89 194 75 0
182 101 224 114 218 135 176 122 0
15 157 41 199 62 186 36 144 10
55 150 13 176 26 197 68 171 10
32 147 30 200 57 201 59 148 10
13 160 65 161 64 187 13 186 10
176 123 218 134 212 155 170 144 0
259 222 196 263 216 294 280 254 2
142 207 99 231 111 252 154 229 4
140 207 100 227 90 207 130 187 4
151 233 113 251 122 270 160 252 4
109 81 41 101 51 135 119 115 4
238 86 186 70 162 150 214 166 100
136 181 83 205 117 279 170 253 100
33 233 57 263 42 275 18 245 4
19 251 42 277 29 288 6 262 4
29 293 -2 259 46 215 77 249 100
