68 47 45 125 84 136 107 58 2
158 179 151 232 178 236 184 182 0
189 187 184 231 206 234 211 190 0
155 122 203 122 203 146 155 146 10
163 111 165 157 188 156 186 110 10
189 112 154 139 168 156 202 130 10
154 125 189 157 205 140 170 108 10
156 181 150 225 128 222 134 178 0
218 58 199 80 210 90 229 68 8
235 71 216 95 228 104 247 80 8
250 83 233 106 244 114 262 92 8
179 266 206 292 193 306 166 280 4
162 283 190 309 177 323 149 297 4
181 263 209 289 222 275 194 249 4
220 50 193 83 243 125 270 92 100
232 276 194 240 140 296 178 332 100
