13 161 8 220 38 222 43 164 10
123 137 87 163 100 181 136 155 0
249 63 235 107 257 114 271 70 2
178 245 162 282 144 274 160 237 4
275 79 266 115 284 120 293 84 2
247 68 234 109 214 102 226 62 2
122 134 90 166 74 150 106 118 0
181 248 165 281 182 289 198 256 4
51 241 23 271 38 285 66 255 4
68 256 37 290 54 306 85 272 4
87 272 51 306 68 324 104 290 4
222 47 204 106 284 130 302 71 100
107 113 66 151 116 205 157 167 100
135 155 108 181 121 194 148 168 0
154 232 137 277 209 305 226 260 100
51 232 11 278 71 330 111 284 100
204 257 187 289 203 298 220 266 4
325 208 242 244 260 286 343 250 2
