71 98 140 137 160 102 90 64 9
302 132 288 214 329 221 343 139 2
150 234 140 274 160 279 170 239 4
240 235 244 307 280 305 276 233 7
246 58 282 76 291 58 255 40 2
140 230 133 271 112 268 119 226 4
175 237 168 276 188 280 194 240 4
243 62 280 81 270 100 234 80 2
231 84 265 101 256 118 222 101 2
203 146 174 178 190 192 219 160 0
201 142 174 173 158 160 186 128 0
221 160 193 190 208 204 236 174 0
188 121 149 159 205 217 244 179 100
300 59 254 33 214 103 258 129 100
116 219 104 274 194 294 206 239 100
