73 50 77 78 91 76 87 48 8
141 107 195 103 197 130 143 134 10
208 88 248 76 254 96 214 108 4
231 260 198 339 238 356 270 276 9
173 221 195 258 176 269 154 232 0
230 141 262 129 268 145 236 157 4
153 90 154 142 180 142 179 90 10
147 106 182 140 199 122 164 88 10
186 90 147 126 165 146 204 110 10
93 48 97 75 110 73 107 46 8
111 45 115 75 130 73 126 43 8
257 103 219 115 225 134 263 122 4
180 216 203 255 222 244 200 205 0
202 203 224 241 243 230 221 192 0
67 46 72 84 136 76 131 36 100
255 71 203 86 227 166 279 151 100
148 231 178 278 254 228 226 183 100
