6 82 7 145 39 144 38 82 10
19 165 29 209 51 204 41 160 0
72 90 114 69 124 90 82 111 0
232 80 268 97 276 79 240 62 2
195 143 190 207 222 210 227 146 7
117 226 113 270 135 272 139 228 4
149 233 144 273 164 276 169 236 4
232 278 263 306 277 291 246 262 8
171 239 165 279 185 282 191 242 4
47 163 55 208 77 204 69 159 0
86 113 126 94 136 114 96 133 0
232 83 270 98 262 117 224 102 2
243 58 278 78 288 60 253 40 2
249 263 279 293 294 278 264 248 4
230 284 256 307 244 320 218 297 8
296 57 246 32 212 102 262 127 100
114 215 101 272 199 294 212 237 100
304 276 265 235 205 293 244 334 100
74 150 82 207 -4 219 -12 162 100
105 41 55 65 91 139 141 115 100
73 87 110 69 101 50 64 68 0
