75 90 113 72 122 91 84 109 0
230 73 268 91 277 72 239 54 2
6 79 7 138 37 138 36 78 10
16 165 24 215 49 211 41 161 0
130 225 117 267 138 274 151 232 4
157 236 147 279 169 284 178 241 4
232 284 258 307 270 294 244 271 8
129 227 120 267 100 262 109 222 4
45 160 50 205 72 202 67 158 0
83 111 123 90 134 110 93 131 0
73 88 111 72 103 53 65 69 0
231 76 266 92 258 110 223 94 2
244 273 269 293 279 280 254 260 8
244 54 280 71 288 53 252 36 2
282 161 355 196 337 233 264 198 2
108 44 57 67 89 137 140 114 100
295 52 250 27 212 93 257 118 100
294 283 262 247 208 295 240 331 100
229 285 253 307 242 319 218 297 8
97 210 83 269 171 289 185 230 100
68 152 79 208 -3 224 -14 168 100
