49 52 54 86 71 84 66 50 8
76 46 82 78 98 75 92 43 8
109 41 112 74 128 72 125 40 8
159 84 157 144 187 145 189 85 10
141 106 202 107 202 137 140 136 10
214 101 249 86 256 104 222 119 4
88 175 114 220 137 207 111 162 2
224 257 190 340 232 357 266 274 9
201 205 218 241 236 232 219 196 0
175 221 194 253 178 262 159 230 0
233 150 267 137 274 154 240 167 4
134 161 74 197 92 227 152 191 2
143 100 173 146 196 131 166 85 10
185 89 142 127 161 148 204 110 10
40 45 46 88 134 76 128 33 100
224 126 257 114 263 130 230 142 4
196 208 219 245 200 256 178 219 0
151 229 179 275 245 235 219 189 100
251 81 206 99 236 175 281 157 100
