209 114 293 83 308 125 224 156 9
103 45 109 80 126 77 120 42 8
79 49 84 82 100 80 96 46 8
67 80 54 123 76 130 89 87 0
97 89 85 133 107 139 119 95 0
106 156 108 203 131 202 129 155 0
134 155 136 204 160 203 158 154 0
90 278 116 312 133 299 107 265 0
109 263 138 299 156 284 127 248 0
129 244 160 280 178 264 147 228 0
123 43 127 72 141 70 138 41 8
159 155 161 202 184 201 182 154 0
75 43 80 87 154 79 149 35 100
124 92 111 142 19 118 32 68 100
102 150 104 210 192 208 190 148 100
184 268 145 223 81 279 120 324 100
