212 41 200 121 240 127 252 47 9
50 207 111 167 131 198 70 238 2
237 265 265 238 278 252 251 279 2
253 280 278 255 290 268 266 292 2
264 297 290 271 303 284 277 310 2
262 165 292 149 300 164 270 180 4
271 181 301 166 308 181 278 196 4
279 197 311 182 318 198 286 213 4
115 268 106 301 122 306 132 272 8
135 273 125 308 143 313 152 278 8
155 280 146 313 162 318 171 284 8
20 49 47 134 90 121 62 36 2
267 230 231 259 277 317 313 288 100
298 144 257 162 281 218 322 200 100
113 260 99 305 165 325 179 282 100
