195 144 270 148 268 186 193 182 9
14 98 26 121 38 115 26 92 8
29 88 44 115 58 108 42 80 8
48 79 63 106 76 98 62 72 8
23 131 38 167 56 160 41 124 0
43 122 60 163 81 154 64 114 0
69 114 85 151 104 143 87 106 0
14 250 45 282 61 266 30 234 0
31 232 66 266 83 248 48 214 0
129 231 165 212 174 230 138 249 0
140 252 177 234 186 253 149 271 0
150 273 186 255 195 273 159 291 0
27 132 5 93 59 63 81 102 100
36 178 16 126 88 98 108 150 100
170 206 124 227 156 299 202 278 100
55 213 87 248 105 232 72 197 0
108 229 70 189 6 251 44 291 100
