54 143 35 176 51 186 70 152 0
72 154 53 189 70 198 90 164 0
91 164 72 200 90 210 109 174 0
167 230 200 204 213 220 180 246 0
181 247 216 220 230 238 194 264 0
194 265 230 240 243 258 207 283 0
151 110 192 97 198 118 158 130 0
161 131 199 120 204 139 167 150 0
163 152 206 137 213 158 170 174 0
90 267 134 333 167 311 123 245 2
270 264 274 348 316 346 312 262 2
241 39 239 97 268 98 270 40 10
220 55 279 55 279 84 220 84 10
235 39 283 73 266 97 218 63 10
248 175 272 190 280 178 255 163 9
256 162 281 179 290 166 265 150 9
264 149 289 165 297 152 272 136 9
52 136 26 182 90 218 116 170 100
204 195 161 226 207 290 250 259 100
198 92 148 106 168 178 218 164 100
306 153 272 129 240 175 274 199 100
