121 116 103 153 122 162 139 125 0
141 125 122 163 141 172 160 134 0
160 137 140 175 159 185 179 147 0
75 231 114 227 116 247 77 250 0
75 251 116 247 118 268 77 272 0
191 189 185 236 208 239 214 192 0
214 192 206 240 230 244 238 196 0
236 197 228 243 251 247 259 201 0
207 278 236 250 250 264 221 292 5
216 291 249 262 264 278 230 308 5
232 305 263 277 277 292 246 320 5
121 104 93 155 161 193 189 142 100
122 223 67 226 71 296 126 293 100
79 274 117 269 119 288 82 293 0
239 241 196 275 240 329 283 293 100
187 183 179 243 257 253 265 193 100
