42 141 103 95 126 126 65 172 2
208 34 207 104 242 104 243 34 2
191 227 259 265 240 299 172 261 2
108 240 140 293 166 277 134 224 2
204 132 231 161 217 174 190 145 4
185 146 218 178 202 194 169 162 4
166 159 200 192 184 209 150 176 4
265 153 304 177 292 196 253 172 4
278 140 244 192 270 209 304 157 4
207 315 285 306 290 345 212 354 3
238 301 242 353 268 351 264 299 3
97 288 79 330 100 339 118 297 0
120 297 101 340 122 350 142 306 0
143 306 124 343 142 352 161 315 0
23 182 8 223 28 230 43 190 0
148 230 101 264 118 288 165 254 2
244 164 199 120 143 176 188 220 100
94 284 75 334 149 362 168 312 100
