206 34 205 108 242 108 243 35 2
46 146 107 95 132 125 71 176 2
20 179 4 222 26 230 42 187 0
89 285 73 329 95 337 111 293 0
113 294 96 337 117 346 134 302 0
135 301 119 343 140 351 156 309 0
144 230 103 266 121 286 162 251 2
104 245 143 295 168 276 129 226 2
194 223 259 260 240 292 176 256 2
303 207 344 261 317 282 276 228 2
205 133 233 161 219 175 191 147 4
186 147 217 174 204 189 172 162 4
172 160 204 190 189 206 157 176 4
265 153 300 175 289 193 254 171 4
277 140 242 196 270 214 305 158 4
203 310 284 303 288 344 206 350 3
239 303 242 350 266 348 262 302 3
88 279 68 332 142 360 162 307 100
238 158 200 124 152 178 190 212 100
