32 168 57 179 52 191 27 180 9
28 181 52 191 47 203 23 193 9
23 191 50 206 43 220 16 204 9
201 291 229 304 236 290 207 277 2
209 278 238 291 245 276 216 264 2
216 264 243 276 249 263 222 251 2
224 141 281 87 308 116 251 170 2
204 25 232 55 217 69 189 39 4
188 41 219 72 204 88 172 56 4
171 58 203 87 188 103 156 74 4
158 221 175 260 194 252 177 212 4
142 234 206 208 219 240 155 266 4
13 91 52 68 63 87 24 110 0
23 111 63 87 75 107 35 131 0
40 128 76 104 88 122 52 146 0
61 275 64 321 87 320 84 274 0
86 270 88 317 111 316 109 269 0
111 270 113 319 137 318 135 269 0
210 211 234 177 251 189 227 223 0
208 205 232 173 216 161 192 193 0
189 194 215 161 198 148 172 181 0
66 173 29 159 9 211 46 225 100
242 55 198 18 150 74 192 111 100
53 61 3 95 45 157 95 123 100
53 264 56 326 144 322 141 260 100
258 263 220 244 196 292 234 311 100
197 138 165 180 227 228 259 186 100
