100 28 139 29 138 48 100 48 0
96 48 138 47 138 68 96 69 0
97 70 140 69 140 90 97 91 0
148 130 184 152 195 134 159 112 0
159 109 200 134 212 114 172 88 0
179 90 210 114 222 98 191 74 0
42 152 80 175 68 194 31 171 4
54 132 20 198 53 215 87 149 4
179 199 211 174 223 190 191 215 4
192 218 226 190 240 207 206 235 4
205 237 240 208 254 226 220 254 4
120 224 104 290 137 298 153 232 2
101 240 157 254 150 282 94 268 2
144 22 90 22 90 94 144 94 100
232 96 185 62 139 126 188 160 100
213 165 169 202 219 260 263 223 100
