206 77 188 99 199 108 217 86 2
215 88 197 108 207 117 225 97 2
226 97 211 118 221 125 236 104 2
189 238 266 279 246 318 168 276 2
35 202 97 169 113 200 51 233 2
95 75 136 91 128 112 87 96 0
86 97 128 115 119 136 77 118 0
76 121 119 140 110 161 67 142 0
149 171 167 189 176 180 158 162 9
163 160 181 178 190 169 172 151 9
174 153 194 169 202 159 182 143 9
214 164 254 146 263 166 223 184 0
223 185 268 167 277 190 232 208 0
237 205 279 187 288 208 246 226 0
116 212 132 255 154 247 138 204 0
204 72 180 99 218 133 242 106 100
145 90 92 67 60 143 113 166 100
211 160 186 131 142 169 167 198 100
261 138 205 165 239 237 295 210 100
