99 75 143 78 142 100 98 97 4
97 58 101 128 136 126 132 56 4
238 32 206 58 219 74 251 48 4
254 45 219 76 234 93 270 62 4
269 61 236 93 252 110 285 78 4
203 143 244 134 248 154 208 164 0
211 168 250 157 256 176 216 188 0
218 192 259 181 264 202 224 213 0
168 237 147 278 168 288 189 248 0
191 246 170 287 191 298 212 257 0
210 256 193 296 213 304 230 264 0
115 162 120 236 157 234 152 160 2
6 283 94 254 109 298 21 327 9
241 19 195 60 249 118 293 79 100
249 125 199 137 217 219 267 209 100
168 228 142 280 214 316 240 264 100
