166 58 167 134 205 134 204 58 10
151 76 226 77 226 114 150 114 10
206 59 147 95 165 125 224 88 10
174 58 226 106 202 132 150 84 10
261 152 303 168 295 189 253 173 4
269 138 248 199 278 210 300 148 4
262 257 300 254 302 273 264 276 4
263 280 306 277 307 298 264 302 4
264 305 305 299 308 320 267 326 4
65 128 107 141 100 162 58 149 0
62 155 104 165 99 186 57 176 0
56 176 97 187 92 208 51 196 0
108 222 153 216 156 238 111 244 0
107 246 156 239 159 263 110 270 0
115 270 157 264 160 285 118 291 0
305 247 252 257 266 331 317 323 100
117 139 62 126 44 202 99 215 100
156 211 98 220 110 298 168 289 100
