53 128 79 178 104 165 78 115 0
79 112 107 159 131 145 103 98 0
111 99 131 137 150 127 130 89 0
221 63 211 103 231 108 241 68 0
243 64 230 110 253 116 266 70 0
264 70 257 114 279 118 286 74 0
215 218 250 239 240 256 205 236 0
201 240 239 262 228 281 190 259 0
158 156 189 200 211 184 180 140 4
210 138 147 173 165 205 228 170 4
48 237 18 263 31 278 61 252 0
61 254 30 279 42 294 73 270 0
79 269 43 301 59 319 95 287 0
170 121 124 66 40 136 86 191 100
216 52 204 112 280 128 292 68 100
270 211 222 189 186 263 232 287 100
216 215 252 234 262 216 226 197 0
44 224 3 259 59 325 100 290 100
