47 228 20 255 34 268 60 242 2
62 245 36 273 50 286 76 258 2
185 150 158 181 174 194 200 164 0
205 165 176 202 194 216 224 180 0
227 185 196 221 214 236 245 200 0
305 51 261 83 277 105 321 73 2
290 46 329 98 303 117 264 65 2
343 245 309 285 329 302 363 262 0
230 252 201 281 216 296 244 266 0
250 269 223 299 238 312 265 282 0
269 287 243 316 258 329 284 300 0
95 118 35 150 51 180 111 148 11
119 147 64 185 83 213 138 175 11
128 187 93 213 106 230 141 204 11
21 31 15 111 55 114 61 34 2
46 221 17 250 2 236 32 206 2
99 104 29 154 103 256 173 206 100
184 141 148 188 216 240 252 195 100
226 242 194 279 262 339 294 302 100
30 203 -6 238 50 294 86 259 100
