271 138 308 62 346 80 309 156 3
11 142 15 188 38 186 34 140 0
289 84 344 113 330 140 274 112 3
290 161 274 202 295 210 310 169 9
261 272 294 238 311 254 278 288 0
276 291 315 253 334 273 295 311 0
299 309 335 274 352 292 317 327 0
114 255 156 259 154 280 112 276 0
108 278 153 282 151 304 106 300 0
109 302 153 307 150 329 106 324 0
64 184 42 218 59 229 81 195 2
85 196 63 228 79 239 101 207 2
106 207 84 240 100 251 122 218 2
35 139 39 185 62 183 58 137 0
296 227 250 277 314 337 360 287 100
58 176 34 219 106 259 130 216 100
161 254 106 248 98 328 153 334 100
8 135 13 193 89 187 84 129 100
