244 245 233 290 255 296 266 250 2
21 109 26 184 63 182 58 106 2
226 245 293 264 284 298 216 278 2
282 49 278 90 298 92 302 51 0
303 52 298 96 320 98 325 54 0
302 171 337 166 340 184 304 188 0
304 189 339 183 342 200 307 206 0
307 207 343 202 345 220 310 225 0
257 171 273 205 256 213 240 179 0
238 179 257 216 239 226 220 188 0
217 187 237 226 218 236 197 197 0
140 133 179 148 171 168 132 152 0
131 154 172 170 164 190 123 174 0
123 176 164 191 156 212 116 196 0
61 228 90 199 104 214 76 242 0
77 246 107 214 123 229 93 261 0
96 261 126 230 142 245 112 276 0
329 54 324 98 346 100 351 56 0
273 43 266 97 350 107 357 53 100
341 157 297 162 305 232 349 227 100
193 190 210 240 284 216 267 164 100
185 144 138 126 110 200 157 218 100
84 190 50 235 116 285 150 240 100
