196 244 180 294 205 302 221 252 2
221 50 222 90 242 90 241 50 0
243 52 244 95 265 94 264 52 0
266 53 268 95 289 94 287 52 0
255 168 289 164 291 181 257 185 0
253 189 292 183 295 202 256 208 0
256 208 295 203 297 222 258 228 0
177 243 245 263 235 297 167 277 2
198 172 217 211 198 221 178 182 0
175 183 196 218 179 228 158 194 0
154 193 177 227 160 238 137 204 0
84 134 128 147 122 169 78 156 0
77 158 117 171 111 191 70 178 0
66 180 110 193 104 215 60 202 0
38 254 73 223 88 240 54 272 0
56 270 89 240 104 256 71 286 0
297 159 249 160 251 232 299 231 100
153 246 132 195 200 165 223 216 100
219 40 213 98 289 106 295 48 100
134 145 78 127 54 205 110 221 100
65 215 35 249 18 234 48 200 0
44 196 9 246 83 298 118 250 100
