119 246 107 289 128 295 141 252 2
269 260 301 327 334 311 302 244 4
314 155 304 221 337 226 347 160 2
298 175 348 185 343 210 293 200 2
342 58 339 106 315 104 318 56 0
313 55 310 105 285 104 288 54 0
285 54 282 106 256 104 259 52 0
220 56 216 98 195 96 199 54 0
197 53 189 99 166 95 174 49 0
170 50 163 96 140 92 147 46 0
57 202 77 242 97 232 77 192 0
76 191 97 229 116 218 95 180 0
97 179 119 220 139 209 117 168 0
3 151 44 168 52 148 12 130 0
274 288 321 268 331 292 284 311 4
101 246 165 265 156 297 92 278 2
182 196 215 191 218 208 185 212 0
186 216 218 213 219 229 188 232 0
180 193 212 188 210 172 178 177 0
218 167 175 172 181 236 226 231 100
75 247 49 198 117 162 143 211 100
140 42 137 102 223 106 226 46 100
253 46 251 111 345 113 347 48 100
