282 149 220 223 257 254 319 180 1
199 241 173 275 190 288 216 254 0
198 239 171 274 154 260 181 226 0
217 253 189 290 208 304 236 267 0
61 180 104 178 105 199 62 202 0
63 202 106 200 107 221 64 224 0
61 177 102 176 102 156 60 156 0
112 166 158 163 160 186 114 189 2
116 145 125 206 156 202 146 140 2
173 48 169 104 197 106 201 50 4
156 58 211 64 208 92 153 86 4
290 271 330 310 311 330 270 291 2
314 261 265 310 290 334 338 286 2
272 57 253 99 274 109 293 66 0
295 66 276 108 297 118 316 76 0
271 56 253 99 232 90 250 47 0
183 214 144 255 206 315 245 274 100
108 151 57 151 57 229 110 227 100
247 39 223 90 299 126 323 75 100
