274 165 318 162 320 184 276 187 2
279 144 285 205 316 202 310 141 2
128 91 165 108 156 127 120 110 0
127 88 164 106 173 87 136 69 0
116 113 155 130 146 150 108 133 0
49 252 90 253 90 274 48 272 2
48 249 87 250 88 230 48 230 2
48 274 91 277 90 298 46 296 2
63 78 81 107 96 98 78 69 0
61 79 78 109 63 117 46 88 0
82 67 95 98 111 92 98 60 0
59 159 53 209 78 212 84 162 2
35 168 97 176 93 207 31 199 2
223 187 265 183 267 204 225 208 0
221 180 265 177 264 155 219 158 0
225 211 268 207 270 228 227 232 0
181 86 137 64 103 132 149 154 100
100 224 41 222 39 302 96 304 100
120 96 99 52 39 80 60 124 100
267 150 215 155 223 241 275 236 100
131 194 176 218 164 240 119 216 0
131 193 179 215 190 191 142 169 0
119 218 162 243 150 264 107 239 0
196 190 141 162 99 244 154 272 100
