103 257 142 259 141 278 102 276 2
103 253 140 255 141 236 104 234 2
104 281 140 283 139 301 103 299 2
183 91 219 108 210 126 174 109 0
171 112 209 129 201 148 162 131 0
181 89 220 107 229 88 190 70 0
114 76 131 108 147 100 130 68 0
108 77 128 109 112 119 92 87 0
134 67 152 97 167 88 149 58 0
317 179 274 186 278 208 320 200 0
317 176 271 184 267 161 313 153 0
325 201 276 208 280 232 328 226 0
189 189 233 218 219 240 174 211 0
174 213 219 243 204 266 159 236 0
188 188 234 218 249 195 203 165 0
33 232 68 258 55 276 20 250 4
54 214 13 270 41 290 82 234 4
109 160 102 207 126 210 132 164 2
88 166 148 175 144 205 84 196 2
9 195 39 225 54 210 24 180 0
26 179 54 209 69 195 41 165 0
4 97 77 98 76 134 4 134 2
148 232 100 229 96 303 144 306 100
236 85 187 64 157 132 206 153 100
317 147 263 156 277 240 333 229 100
107 126 86 82 154 50 175 94 100
42 230 5 196 53 144 90 178 100
257 191 202 156 150 238 205 273 100
