220 162 215 209 238 212 244 164 2
197 165 262 173 258 206 193 198 2
215 256 255 259 254 279 214 276 2
215 252 255 254 256 234 216 232 2
212 281 253 283 252 304 211 302 2
114 96 184 94 185 129 115 131 2
228 76 244 108 260 100 244 68 0
225 79 239 110 224 117 209 86 0
246 66 265 99 282 90 262 56 0
290 85 335 105 325 128 280 108 0
280 114 323 130 315 152 272 136 0
294 83 337 99 345 78 302 61 0
115 199 144 227 158 212 129 184 0
131 182 165 211 180 194 146 165 0
110 201 141 230 126 246 95 217 0
162 214 125 269 152 288 190 232 4
145 233 176 256 164 272 134 248 4
262 230 211 227 207 305 258 308 100
222 125 202 81 266 51 286 95 100
350 76 297 55 265 137 318 158 100
186 193 147 156 87 218 126 255 100
