218 136 316 156 306 205 208 185 1
41 78 115 77 115 114 42 115 2
79 271 119 289 110 309 70 291 2
92 257 65 313 93 326 120 270 2
186 247 230 255 226 277 182 269 0
185 243 230 250 234 228 188 220 0
180 273 223 280 219 302 176 294 0
308 217 340 251 323 267 291 233 0
291 235 323 266 308 282 276 251 0
310 217 341 250 358 234 326 202 0
39 141 3 161 13 179 49 159 4
3 134 33 188 60 173 30 119 4
53 189 97 230 77 252 32 211 0
58 191 95 228 114 210 76 172 0
33 215 75 251 57 272 15 236 0
364 233 323 193 267 251 308 291 100
124 210 70 161 6 231 58 280 100
243 225 187 213 169 299 225 311 100
