144 227 182 240 176 259 138 246 2
137 251 172 263 166 280 131 268 2
145 222 184 236 191 216 152 202 2
284 276 328 307 312 329 268 298 2
304 265 266 315 291 334 329 284 2
96 232 23 267 40 304 114 268 2
132 102 157 138 175 125 150 90 0
152 87 178 122 196 109 170 74 0
129 103 156 139 138 152 111 116 0
221 112 270 105 273 129 224 136 0
220 108 270 102 267 77 217 83 0
226 135 275 128 278 152 229 159 0
197 213 147 197 123 273 173 289 100
207 106 167 62 101 122 139 166 100
274 72 210 79 220 169 284 162 100
