234 68 277 87 268 108 224 90 0
237 66 280 85 290 64 247 44 0
226 97 267 112 260 132 219 117 0
90 108 82 153 104 157 112 112 0
118 114 112 155 132 158 138 117 0
85 109 79 151 58 148 64 106 0
145 184 142 214 157 216 160 186 8
167 185 163 218 180 220 184 187 8
138 182 133 212 118 210 123 180 8
226 262 245 289 231 298 212 272 8
233 259 249 285 262 277 246 251 8
209 276 225 299 214 307 198 284 8
139 225 175 259 158 277 122 243 4
156 223 122 263 142 280 176 240 4
297 61 239 36 205 116 261 141 100
55 103 51 156 139 162 143 109 100
118 175 112 215 184 225 190 185 100
269 278 244 243 188 281 213 318 100
