134 60 184 115 211 90 162 35 2
70 299 70 328 84 328 84 299 2
85 294 87 328 104 327 102 293 2
104 294 106 328 123 327 121 293 2
234 119 276 113 279 134 237 140 0
233 141 279 136 282 159 236 164 0
236 161 284 159 285 183 237 185 0
110 181 120 224 142 219 132 176 0
134 175 143 218 164 214 155 170 0
200 215 169 244 184 260 214 230 0
215 226 184 258 200 274 231 242 0
226 243 200 274 216 287 242 256 0
30 124 42 168 64 162 52 118 4
52 115 64 162 87 156 75 109 4
78 112 89 156 111 150 100 106 4
52 212 28 254 49 266 73 224 4
35 208 101 238 86 271 20 241 4
164 250 131 283 148 300 180 266 4
154 239 198 291 172 313 128 261 4
15 64 8 90 21 94 28 68 9
30 67 25 97 40 100 45 70 9
48 68 43 100 59 102 64 70 9
65 288 64 331 124 333 125 290 100
283 108 224 114 232 192 291 186 100
103 179 115 229 195 211 183 159 100
201 206 164 244 214 294 251 256 100
23 117 38 174 116 154 101 97 100
68 69 60 110 2 98 10 57 100
