113 147 55 197 80 226 138 176 11
112 145 53 193 29 164 88 116 11
140 179 86 225 109 252 163 206 11
107 271 112 316 134 314 129 268 5
97 272 105 313 84 317 76 276 5
133 267 139 309 160 306 154 264 5
240 236 280 262 293 242 253 216 0
254 214 294 240 307 220 267 194 0
239 240 277 264 265 283 227 259 0
145 54 161 96 182 88 166 46 2
140 56 156 97 136 105 120 64 2
171 46 188 89 210 80 192 38 2
92 111 23 168 101 262 170 205 100
72 271 85 331 169 313 156 253 100
315 218 268 186 218 260 265 292 100
215 84 194 28 112 58 133 114 100
