173 196 132 220 144 240 185 216 2
157 183 185 234 160 248 132 197 2
337 229 295 243 302 264 344 250 2
340 225 294 239 287 216 333 202 2
348 253 306 268 314 289 356 274 2
44 255 8 334 48 352 84 273 1
160 266 173 305 192 298 179 260 5
184 260 196 298 215 292 203 254 5
154 266 169 309 148 316 132 274 5
90 48 72 120 108 129 126 57 1
246 77 274 113 292 99 264 63 0
270 63 297 99 315 85 288 49 0
243 81 269 116 252 129 226 94 0
334 199 279 218 305 294 360 275 100
142 321 127 269 209 243 226 295 100
253 135 219 89 285 41 319 87 100
