171 219 97 253 114 290 188 256 1
60 259 26 301 47 318 81 276 4
59 255 25 299 3 282 37 238 4
77 275 47 314 67 329 97 290 4
70 56 106 119 138 101 102 38 2
195 261 226 293 242 278 211 246 4
223 240 179 283 200 305 244 262 4
248 59 284 83 296 65 260 41 0
261 39 296 61 307 44 272 22 0
245 63 281 87 269 105 233 81 0
307 255 263 263 267 285 311 277 0
304 252 261 260 257 238 300 230 0
312 280 268 285 270 307 315 302 0
37 233 -4 284 70 344 111 293 100
317 43 271 13 227 81 273 111 100
306 224 250 236 268 316 324 304 100
