120 63 119 109 142 110 143 64 2
101 70 160 73 158 102 100 100 2
31 89 74 97 70 118 27 111 0
27 114 66 120 63 140 24 134 0
32 90 70 95 72 76 34 71 0
50 207 25 248 46 260 71 220 4
29 205 82 237 66 264 13 232 4
134 268 169 296 155 314 120 286 0
137 265 174 294 188 276 152 246 0
117 287 149 315 135 331 103 303 0
213 177 263 222 240 247 190 202 9
346 156 347 238 306 238 305 156 1
310 52 327 87 310 96 292 60 0
290 61 310 100 290 110 270 71 0
316 50 331 83 348 76 332 43 0
87 73 29 61 15 135 71 147 100
195 274 152 238 94 308 137 344 100
357 81 329 30 263 66 289 117 100
