248 134 227 178 249 188 270 144 2
229 134 285 167 268 195 212 162 2
240 195 283 245 258 266 215 216 9
114 217 119 265 143 262 138 214 4
139 214 142 265 168 264 165 212 4
114 216 116 262 93 263 91 217 4
36 195 78 198 76 219 34 216 5
37 194 76 197 78 178 38 174 5
36 216 74 220 72 239 34 235 5
38 103 43 143 63 140 58 100 0
35 102 41 148 18 151 12 105 0
61 98 66 142 88 140 83 96 0
224 52 248 93 268 81 244 40 0
223 51 240 90 220 99 204 60 0
253 40 269 82 290 74 274 32 0
84 172 34 168 28 242 78 246 100
4 98 11 155 97 145 90 88 100
215 109 195 52 277 24 297 81 100
84 212 87 271 173 267 170 208 100
