242 232 234 281 258 285 266 236 4
238 233 230 280 206 276 214 229 4
268 238 257 287 282 292 293 244 4
138 229 156 266 138 275 120 238 5
140 229 157 263 174 254 157 220 5
121 241 135 275 118 282 104 248 5
121 153 89 176 100 192 132 169 0
132 169 99 192 110 208 143 185 0
122 155 89 177 78 160 111 138 0
201 55 223 94 242 83 220 44 2
236 41 187 74 204 98 252 65 2
220 151 213 191 233 194 240 154 0
218 150 211 194 189 190 196 146 0
243 156 234 194 253 198 262 160 0
323 202 359 225 348 243 312 220 0
116 293 92 249 160 211 184 255 100
113 132 72 159 108 213 149 186 100
191 141 184 194 262 204 269 151 100
214 220 202 279 286 297 298 238 100
