210 42 222 95 249 89 237 36 3
191 53 265 40 272 77 198 90 3
84 165 122 166 122 185 84 184 0
85 185 123 184 124 203 86 204 0
85 166 123 166 123 147 85 147 0
239 130 218 168 237 178 258 140 0
239 130 219 170 199 160 219 120 0
262 141 235 179 254 192 281 155 0
242 234 233 287 260 292 268 238 4
238 235 230 286 204 282 212 231 4
269 241 260 293 286 298 295 246 4
139 249 175 262 168 280 132 267 5
138 247 176 258 182 239 144 228 5
132 269 167 281 161 298 126 286 5
320 206 358 229 346 248 308 225 0
128 143 78 143 78 207 128 207 100
217 110 189 158 259 198 287 150 100
188 238 141 223 119 291 166 306 100
207 223 198 287 294 301 305 239 100
