213 40 222 93 248 89 239 36 3
191 52 267 41 272 79 197 90 3
148 117 142 160 164 163 170 120 0
174 122 166 162 186 166 194 126 0
145 115 142 161 119 160 122 114 0
100 195 117 238 138 230 122 186 0
127 186 142 226 162 218 147 178 0
99 197 115 240 94 248 78 205 0
242 237 232 286 256 291 266 242 4
240 235 231 284 206 280 216 230 4
268 240 258 290 283 295 293 245 4
140 248 177 261 170 280 133 266 5
143 248 177 262 184 245 150 231 5
135 268 172 283 164 302 128 286 5
319 201 359 227 346 247 306 221 0
120 108 114 164 192 172 198 116 100
70 201 92 254 168 222 148 171 100
213 226 201 284 285 302 297 244 100
191 238 142 222 120 290 167 306 100
