212 42 226 92 251 85 237 35 3
192 50 266 41 270 78 197 87 3
158 60 115 81 126 103 168 82 0
158 57 113 78 102 56 148 34 0
171 83 126 104 137 127 182 106 0
88 205 81 248 102 252 110 208 0
116 207 107 251 129 256 138 212 0
86 204 79 248 57 244 64 200 0
190 177 226 202 239 184 202 159 0
203 155 241 181 254 162 216 136 0
189 182 221 204 210 220 178 198 0
317 190 325 240 350 236 342 186 4
315 190 324 243 298 248 288 194 4
228 246 234 288 255 285 249 243 5
251 242 259 282 279 278 271 238 5
227 248 233 283 215 286 210 251 5
150 28 95 53 133 135 188 110 100
59 193 48 246 132 262 143 211 100
258 159 213 132 171 202 216 229 100
200 245 209 298 283 286 274 233 100
283 189 294 253 384 237 373 173 100
