157 64 123 81 132 98 166 81 0
156 61 120 79 111 61 147 43 0
168 84 133 103 142 120 178 102 0
124 175 87 198 99 217 136 194 0
139 197 100 221 112 240 151 216 0
122 173 84 198 72 179 110 154 0
128 259 114 304 136 311 150 266 0
152 267 137 311 159 318 174 274 0
125 259 111 304 88 297 102 252 0
228 232 233 274 254 272 249 230 5
251 229 256 269 276 266 271 226 5
227 231 232 273 211 276 206 234 5
196 156 222 191 240 178 214 143 0
193 159 218 194 200 206 176 172 0
216 141 243 175 260 162 233 128 0
207 25 217 73 241 68 231 20 3
187 36 260 19 269 56 196 73 3
152 35 107 53 137 127 182 109 100
113 146 66 176 110 246 157 216 100
97 247 83 303 167 323 181 267 100
200 233 210 285 282 271 272 219 100
199 214 167 172 237 120 269 162 100
