217 103 257 112 252 132 212 123 0
212 129 252 136 248 156 209 149 0
218 98 259 109 264 88 224 77 0
196 226 239 218 243 239 200 247 4
228 200 242 264 210 271 196 207 4
126 261 114 301 134 307 146 267 0
149 267 136 310 158 317 170 274 0
124 261 111 302 90 296 104 254 0
96 163 139 165 138 186 95 184 0
96 190 139 190 139 212 96 212 0
97 159 141 160 142 138 98 137 0
164 60 122 70 127 91 169 81 0
164 56 119 65 114 42 160 34 0
172 84 128 96 134 118 178 106 0
269 83 218 72 200 152 251 163 100
98 248 84 300 162 320 176 268 100
146 134 92 131 88 215 142 218 100
162 27 109 40 129 124 182 111 100
