148 170 115 203 132 220 164 186 2
126 158 169 204 146 226 103 180 2
130 275 132 318 153 317 151 274 0
155 274 156 317 177 317 176 274 0
126 274 127 320 104 320 103 274 0
272 74 335 98 323 130 260 106 1
213 72 247 97 234 114 200 89 5
196 95 229 119 217 136 184 112 5
216 69 251 94 263 77 228 52 5
358 216 336 248 320 237 342 205 0
343 205 321 238 304 227 326 194 0
325 192 304 223 288 212 310 182 0
100 270 103 326 183 322 180 266 100
271 77 230 43 176 109 217 143 100
311 176 282 214 336 256 365 218 100
