329 161 282 175 289 198 336 184 2
316 144 335 204 305 213 286 154 2
200 129 232 141 226 157 194 145 4
194 150 224 164 217 179 187 165 4
201 124 236 134 241 116 206 106 4
121 201 104 238 123 246 140 210 0
142 210 128 246 146 253 160 217 0
117 198 101 237 82 229 98 190 0
98 92 137 112 147 92 108 73 2
94 94 137 118 125 140 82 116 2
109 69 151 91 162 70 120 48 2
135 275 140 321 163 318 158 272 0
160 271 162 320 186 319 184 270 0
133 275 136 320 114 322 111 276 0
248 114 204 98 178 172 222 188 100
95 184 75 233 149 263 169 216 100
167 63 115 38 77 122 131 145 100
106 271 110 328 192 322 188 265 100
