230 32 206 114 247 126 271 44 2
137 100 130 145 153 148 160 104 4
162 103 156 149 179 152 185 106 4
135 99 128 145 105 142 112 96 4
228 189 282 172 290 199 236 216 4
233 213 289 195 298 223 242 241 4
227 191 284 173 275 144 218 162 4
15 179 17 269 62 268 60 178 9
140 248 166 289 186 276 160 235 0
162 232 189 275 210 262 183 219 0
138 249 165 291 144 304 117 262 0
215 304 248 288 256 304 223 320 0
223 322 256 306 264 322 231 338 0
215 302 248 287 240 270 208 286 0
107 90 99 146 183 158 191 102 100
280 141 214 159 238 247 304 229 100
110 260 140 310 216 264 186 214 100
241 263 200 283 230 345 271 325 100
