51 84 110 145 140 116 82 54 2
34 171 84 210 104 185 54 146 6
107 186 149 208 160 187 118 165 0
117 163 161 187 173 165 129 141 0
106 186 149 210 137 231 94 208 0
36 238 106 270 90 305 20 273 1
180 224 108 277 134 313 206 260 3
129 256 158 302 181 288 152 242 3
196 161 231 188 245 170 210 144 2
228 127 185 182 213 204 256 148 2
300 233 294 264 310 267 315 236 9
297 231 291 263 275 260 281 228 9
316 236 313 267 328 268 331 238 9
178 160 129 135 89 213 138 238 100
279 223 270 264 330 278 339 235 100
