114 96 148 125 162 108 128 79 0
130 76 165 106 180 88 145 58 0
114 98 147 127 132 144 100 114 0
236 99 261 133 278 120 253 86 0
253 84 281 120 299 106 271 70 0
279 128 288 170 309 166 300 124 0
301 121 312 167 335 162 324 115 0
152 196 169 223 183 214 166 187 9
168 186 185 212 198 204 181 178 9
150 199 168 226 154 235 136 208 9
131 271 119 322 144 328 156 277 4
105 271 178 294 166 330 94 308 4
254 219 262 269 287 265 279 215 4
229 227 305 214 311 252 235 265 4
236 277 209 319 230 332 257 290 4
235 277 209 317 189 304 215 264 4
257 293 232 332 252 344 276 306 4
187 86 141 50 89 118 135 154 100
213 257 181 308 253 352 285 301 100
208 204 183 168 127 206 152 242 100
288 177 276 122 348 106 360 161 100
290 51 322 97 262 139 230 93 100
