230 32 208 113 249 124 270 43 2
134 100 130 147 154 149 158 102 4
161 103 155 151 179 154 185 106 4
136 99 130 148 105 145 111 96 4
18 177 19 271 66 270 65 176 9
135 252 163 292 183 278 155 238 0
154 238 183 280 204 266 175 224 0
134 251 162 292 142 306 114 265 0
213 302 249 286 257 304 221 320 0
219 321 256 305 264 324 227 340 0
212 301 250 285 242 266 204 282 0
280 175 231 191 239 216 288 200 4
283 176 230 191 222 164 275 149 4
290 200 241 215 248 240 298 224 4
106 87 96 148 182 162 192 101 100
103 265 135 315 215 265 183 215 100
245 261 197 281 225 345 273 325 100
276 142 215 161 243 249 304 230 100
