234 137 199 162 211 180 246 154 0
214 184 248 159 260 176 226 201 0
230 134 196 158 184 141 218 117 0
162 150 144 168 153 177 171 159 2
173 161 154 180 164 190 182 170 2
160 148 141 167 132 158 150 138 2
111 226 148 212 155 230 118 244 2
118 247 157 233 164 252 125 266 2
146 208 107 222 100 202 139 188 2
50 85 112 147 143 116 81 54 2
34 173 84 212 104 187 54 148 6
16 270 93 305 110 266 33 232 1
221 289 172 309 182 334 231 314 10
176 289 199 345 227 334 204 278 10
198 280 178 336 206 346 226 290 10
172 315 224 335 234 309 182 289 10
221 110 178 142 224 206 267 176 100
148 132 125 157 167 195 190 170 100
147 182 97 196 119 274 169 260 100
212 256 236 316 266 304 242 244 2
