116 103 129 145 150 138 137 96 4
94 110 162 90 172 124 104 144 4
188 67 200 106 220 100 208 61 0
189 69 199 104 182 109 172 74 0
206 62 219 98 237 91 224 56 0
224 112 258 138 271 121 237 95 0
221 113 258 141 244 160 207 132 0
240 91 274 118 288 101 254 74 0
170 215 191 234 200 223 180 204 9
182 202 202 221 212 211 192 192 9
167 216 190 237 180 248 157 227 9
140 301 178 320 168 339 130 320 4
233 225 241 273 265 269 257 221 4
230 225 239 272 216 276 206 229 4
257 220 265 266 288 262 280 216 4
155 280 125 342 156 357 186 295 4
112 156 125 204 149 198 136 150 4
106 156 124 207 98 216 80 165 4
132 149 149 194 171 186 154 140 4
167 70 181 115 241 97 227 52 100
293 100 254 69 202 133 241 164 100
219 214 192 186 152 224 179 252 100
95 221 76 163 166 133 185 191 100
201 228 211 282 297 266 287 212 100
