83 56 63 137 103 147 124 66 1
246 27 205 104 243 124 284 48 9
192 156 231 129 245 148 206 176 0
149 173 175 163 180 176 154 186 2
148 172 175 162 170 149 143 158 2
153 186 180 176 185 190 158 200 2
195 181 164 243 195 258 226 196 2
95 231 138 230 138 208 94 209 2
94 207 139 207 139 184 94 184 2
54 229 56 297 90 296 88 228 10
43 237 67 300 98 288 74 225 10
165 266 167 325 196 324 195 265 10
149 280 208 279 208 308 150 310 10
191 263 149 305 170 326 212 284 10
151 279 192 328 217 308 176 258 10
174 143 137 156 155 206 192 193 100
145 180 92 177 88 259 141 262 100
