100 242 141 275 158 254 116 222 10
132 214 90 264 115 285 157 235 10
21 217 73 243 86 217 34 191 2
54 173 18 243 53 261 89 191 2
190 66 199 103 218 98 209 62 0
189 64 200 104 180 110 169 70 0
205 61 215 101 235 96 225 56 0
226 108 259 138 274 122 241 92 0
223 109 258 142 242 160 206 126 0
179 205 197 229 209 220 191 196 9
193 194 211 218 223 209 205 185 9
176 206 195 232 182 242 163 216 9
134 160 194 159 194 189 134 190 4
149 144 148 207 180 208 180 144 4
171 143 130 184 150 204 192 164 4
132 163 174 208 196 187 154 142 4
231 227 236 275 260 272 255 224 4
254 222 260 271 284 268 278 219 4
229 224 235 274 210 277 204 227 4
160 72 174 116 248 92 234 48 100
299 102 261 66 201 128 239 164 100
231 210 207 177 157 215 181 248 100
196 228 205 285 295 271 286 214 100
