185 99 212 80 222 94 194 112 9
198 115 223 99 231 111 206 127 9
209 78 183 97 174 84 200 65 9
104 83 143 63 153 82 114 102 0
115 101 151 84 160 102 123 119 0
105 81 139 64 130 47 96 64 0
58 104 109 105 108 130 57 130 4
61 81 64 157 102 156 99 80 4
148 143 149 208 181 208 180 142 4
133 160 198 159 198 191 133 192 4
133 157 169 211 196 193 160 139 4
182 140 131 186 154 212 205 166 4
197 212 248 198 255 224 204 238 4
198 183 217 259 255 250 236 174 4
102 242 139 277 157 258 119 224 10
134 216 94 264 118 284 158 236 10
22 217 74 241 86 215 34 191 2
53 176 19 244 53 261 87 193 2
201 56 166 84 206 136 241 110 100
139 38 88 63 118 127 169 102 100
