256 44 288 119 326 103 294 28 2
246 266 232 343 270 350 284 273 4
95 286 98 343 126 342 123 284 10
79 299 140 300 140 330 78 330 10
79 296 117 344 141 325 103 277 10
125 284 77 317 94 341 142 308 10
137 222 121 268 144 276 160 230 0
163 232 148 276 170 284 185 240 0
136 223 119 269 96 260 113 214 0
61 125 109 114 103 90 56 101 0
57 100 101 89 96 67 52 78 0
61 121 108 109 114 132 67 144 0
139 125 168 114 174 128 144 139 2
138 124 168 114 163 99 133 109 2
145 141 174 128 181 143 152 156 2
183 118 213 177 242 162 213 103 6
215 189 234 236 258 226 238 180 5
213 191 231 233 210 242 192 200 5
260 141 282 170 296 159 274 130 9
275 129 297 157 311 146 289 118 9
111 203 88 263 170 295 193 235 100
166 89 126 102 146 164 186 151 100
209 249 188 194 264 166 283 223 100
102 62 42 77 62 153 122 138 100
319 147 291 111 237 153 265 189 100
