123 174 110 219 132 226 145 180 2
147 181 134 228 157 234 170 188 2
121 174 109 218 87 212 99 168 2
60 219 56 286 90 288 94 221 10
44 235 112 235 112 269 44 269 10
42 233 84 289 112 268 70 212 10
87 212 45 268 73 289 115 233 10
78 108 154 112 152 150 76 146 6
231 49 205 71 216 84 242 62 2
244 63 216 87 228 101 256 77 2
230 47 203 71 191 58 218 34 2
223 105 186 160 213 178 250 124 4
201 173 279 195 268 234 190 212 2
292 236 243 318 284 342 333 260 2
166 259 164 328 199 329 201 260 10
150 276 212 277 212 308 150 307 10
149 277 189 328 214 308 174 257 10
193 260 149 305 172 327 216 282 10
93 161 78 217 162 239 177 183 100
220 27 185 56 227 106 262 77 100
