98 84 142 102 151 80 107 62 4
76 138 98 164 111 153 89 127 9
73 137 98 165 84 178 59 150 9
87 125 112 152 126 139 101 112 9
154 68 205 29 224 54 174 94 2
155 41 192 94 218 76 182 23 2
61 225 82 259 99 248 78 214 0
76 215 98 248 114 237 93 204 0
60 224 82 258 65 269 43 235 0
198 150 235 181 250 162 214 132 0
216 128 254 158 269 139 231 109 0
196 146 237 181 219 202 178 166 0
59 287 86 331 108 318 81 274 0
79 274 108 314 128 300 99 260 0
57 288 88 330 67 346 36 304 0
151 304 142 357 168 362 177 308 4
121 309 199 319 194 358 116 348 4
203 213 193 260 216 265 226 218 5
136 139 103 104 51 152 84 187 100
124 236 94 195 36 237 66 278 100
278 142 229 101 171 171 218 212 100
136 303 103 254 31 302 64 351 100
202 213 191 256 170 250 180 208 5
230 219 221 262 242 266 251 224 5
175 202 164 262 244 276 255 216 100
