97 70 117 97 130 87 110 60 2
95 73 114 97 102 106 83 82 2
109 60 130 86 143 76 122 49 2
233 165 281 156 286 180 237 189 2
237 192 286 182 291 206 242 216 2
233 165 280 156 276 132 229 142 2
5 216 57 160 85 186 33 242 1
304 165 344 188 333 208 293 185 2
163 100 133 163 164 178 194 115 6
178 182 176 240 205 241 207 183 10
165 193 223 195 222 224 164 222 10
164 195 200 242 224 224 188 177 10
203 179 163 221 184 241 224 199 10
131 244 133 313 168 312 166 243 10
117 264 180 263 180 294 118 296 10
113 268 162 312 184 288 135 244 10
161 244 116 292 140 314 185 266 10
104 114 77 79 123 43 150 78 100
280 123 221 136 239 222 298 209 100
