79 126 64 175 88 182 104 134 4
54 126 129 149 117 187 42 164 4
153 168 180 163 182 176 156 182 9
153 167 180 161 177 148 150 154 9
155 183 183 177 186 191 158 197 9
224 169 258 202 274 185 240 152 0
241 151 276 184 292 167 258 134 0
222 170 259 202 243 220 206 188 0
60 227 82 260 99 249 76 216 0
75 217 98 251 115 240 92 206 0
61 226 81 260 64 270 44 236 0
61 287 89 326 108 312 81 273 0
78 274 106 313 126 299 97 260 0
62 285 90 324 70 338 42 299 0
126 307 199 319 193 356 120 344 4
227 223 217 274 242 279 252 228 6
182 141 143 149 153 203 192 197 100
300 166 258 126 198 188 240 228 100
63 277 37 239 95 199 121 237 100
68 348 34 300 102 252 136 298 100
