113 109 160 91 169 114 122 132 0
121 135 170 115 180 139 131 160 0
112 108 160 91 152 67 104 84 0
54 148 38 185 57 193 72 156 0
71 155 57 195 77 202 91 162 0
53 146 37 187 16 179 32 138 0
111 229 157 230 157 253 111 252 4
111 253 158 254 158 278 111 276 4
111 227 160 230 162 206 112 203 4
203 145 261 153 257 182 199 174 3
156 58 94 81 126 165 188 142 100
28 131 9 181 83 209 102 161 100
165 200 103 200 103 282 165 282 100
31 238 35 292 62 290 58 236 4
32 239 33 293 6 294 5 239 4
0 234 3 298 93 294 90 230 100
