88 148 117 165 108 180 80 162 9
78 164 108 181 100 196 70 179 9
87 147 116 164 124 150 96 132 9
72 99 96 133 113 121 89 87 0
84 90 110 124 127 111 101 77 0
72 97 96 134 78 146 54 109 0
176 68 168 116 192 120 200 72 4
147 69 221 81 215 118 141 106 4
139 167 183 176 178 198 135 189 5
134 190 178 200 173 222 129 212 5
138 167 184 175 188 152 142 144 5
23 221 37 275 64 268 50 214 0
48 217 63 268 88 260 74 210 0
208 125 257 139 250 164 201 150 0
202 146 250 163 242 187 194 170 0
211 124 252 136 258 116 217 104 0
133 148 94 125 62 179 103 202 100
107 67 138 107 78 153 47 113 100
196 149 139 136 121 216 178 229 100
32 280 16 220 104 196 120 258 100
269 111 209 96 189 178 249 193 100
34 15 69 34 60 51 24 33 4
20 34 62 55 52 76 10 55 4
87 10 41 -13 7 57 51 80 100
