77 150 50 195 73 208 100 164 0
100 166 75 208 96 220 121 178 0
77 149 50 194 28 180 55 136 0
153 125 200 110 208 134 161 149 0
159 146 206 131 214 154 167 170 0
153 126 201 111 194 87 146 102 0
85 267 134 338 170 314 121 242 2
82 301 145 253 169 284 106 332 2
183 255 220 223 236 242 199 274 0
220 219 179 253 162 233 203 199 0
237 242 196 277 214 298 254 262 0
251 165 279 184 288 170 260 151 9
261 150 289 169 298 155 270 136 9
252 167 280 185 271 199 243 181 9
313 189 342 206 334 220 304 204 2
236 38 233 96 262 98 265 40 10
219 51 281 55 279 86 217 82 10
221 54 263 97 284 76 243 33 10
266 37 217 77 237 102 286 62 10
200 82 139 99 161 177 222 160 100
206 191 155 230 213 306 264 267 100
308 154 265 127 231 181 274 208 100
53 130 21 183 97 229 129 174 100
