7 108 83 81 97 119 20 146 1
114 209 103 273 135 278 146 214 3
85 214 172 234 162 278 75 258 3
91 286 96 325 116 322 111 284 9
113 285 118 323 137 320 132 282 9
89 285 96 326 75 330 68 288 9
126 161 130 193 146 191 142 159 2
126 160 130 194 113 196 109 162 2
142 157 147 193 165 190 160 154 2
133 27 143 99 179 94 169 22 6
250 88 216 119 200 102 235 71 2
252 88 214 120 230 139 268 107 2
269 107 234 137 249 154 284 125 2
199 184 232 261 270 245 238 168 7
64 284 73 336 143 324 134 272 100
101 158 107 202 171 194 165 150 100
236 61 190 100 246 166 292 127 100
