56 38 76 56 67 66 47 48 8
42 53 65 72 56 83 33 64 8
28 67 52 87 42 99 18 79 8
80 134 111 131 112 146 82 150 8
84 155 113 152 114 166 86 170 8
26 155 57 154 58 170 26 170 9
27 172 57 171 58 186 28 187 9
29 190 61 189 62 205 30 206 9
84 133 112 131 111 117 83 119 8
134 74 159 117 180 105 156 62 4
119 90 183 57 200 89 135 122 4
280 66 315 45 326 62 290 84 0
287 85 327 61 339 81 299 105 0
167 130 172 174 194 172 189 128 5
188 128 195 170 216 166 209 125 5
212 126 218 169 240 166 234 123 5
183 187 176 229 197 232 204 190 4
155 187 225 194 222 229 152 222 4
152 277 173 320 194 310 174 266 0
174 266 194 307 215 297 194 256 0
196 253 216 294 236 284 216 243 0
100 247 130 269 119 284 89 262 0
87 264 117 285 106 300 76 279 0
77 283 103 300 94 313 68 296 0
32 265 68 286 57 304 21 283 4
21 283 58 306 46 324 10 302 4
88 60 60 30 10 76 38 106 100
116 108 72 112 76 172 120 170 100
61 148 18 152 24 210 67 206 100
308 17 262 41 298 111 344 87 100
162 123 168 180 242 172 236 115 100
246 289 221 237 143 273 168 327 100
135 267 98 241 58 297 95 323 100
86 269 43 240 3 300 46 329 100
