63 146 72 224 33 228 24 150 2
201 262 261 291 246 321 186 292 2
277 95 288 131 306 126 295 90 2
302 86 312 121 330 116 320 81 2
122 48 203 72 191 112 110 88 3
265 284 332 274 337 308 270 318 1
326 133 339 199 306 205 293 140 2
145 103 135 126 146 131 156 108 8
157 110 149 136 162 140 170 114 8
174 116 166 141 178 145 186 120 8
152 245 147 279 130 276 135 242 9
134 244 129 279 112 276 116 242 9
115 244 110 278 93 276 98 242 9
143 171 124 196 136 206 156 180 2
135 208 156 180 170 191 149 219 2
169 193 149 220 162 230 182 203 2
141 96 126 130 178 154 193 120 100
247 100 262 145 336 121 321 76 100
143 162 114 201 162 237 191 198 100
92 232 86 280 154 288 160 242 100
