79 147 145 107 165 140 99 180 3
100 200 93 224 105 228 112 204 8
117 205 112 232 126 234 130 208 8
135 209 131 236 144 238 148 211 8
222 126 241 140 234 150 215 136 8
211 143 233 158 226 169 204 154 8
201 164 224 178 217 190 194 176 8
116 76 149 55 159 71 126 92 4
94 243 95 278 112 278 111 242 9
112 245 113 277 129 276 128 244 9
130 245 131 277 147 276 146 244 9
93 193 83 228 149 248 159 211 100
91 237 90 282 150 284 151 239 100
193 263 213 347 255 337 235 253 2
245 130 318 169 298 206 226 167 9
208 28 227 96 261 87 242 18 2
248 133 221 119 189 179 216 193 100
