251 202 317 202 317 235 251 235 4
253 299 232 335 250 346 271 310 4
62 136 39 156 49 168 72 148 8
76 150 52 173 64 185 88 162 8
89 165 64 190 76 202 102 178 8
260 59 240 76 249 86 268 69 8
271 75 252 90 259 99 278 84 8
281 88 262 104 270 114 289 98 8
122 133 133 193 163 188 152 128 6
289 84 328 56 342 75 303 103 0
129 87 155 118 170 105 144 74 4
142 70 171 107 190 92 160 56 4
160 55 188 90 206 76 178 41 4
207 95 249 112 241 133 199 116 0
198 115 236 134 226 153 188 134 0
187 135 225 156 214 175 176 154 0
152 276 175 320 197 308 174 264 0
178 262 199 306 221 296 200 251 0
46 266 86 268 85 288 45 286 0
44 286 84 288 83 308 43 306 0
45 308 80 308 80 326 45 326 0
201 249 221 289 241 279 221 239 0
136 235 140 268 156 266 152 233 9
154 236 157 267 172 266 170 234 9
152 218 222 228 227 193 157 183 4
65 128 31 157 75 207 109 178 100
261 56 235 76 269 118 295 98 100
155 127 119 84 177 36 213 79 100
256 111 204 85 168 157 220 183 100
147 275 174 325 252 283 225 233 100
89 260 38 260 38 334 89 334 100
112 229 114 274 180 272 178 227 100
132 237 137 265 123 268 118 240 9
228 294 287 320 274 350 215 324 4
