144 28 135 96 169 100 178 32 2
136 100 83 150 108 176 161 126 3
207 149 236 163 229 178 200 164 8
200 171 225 183 219 195 194 184 8
224 213 255 269 283 254 252 198 2
217 239 277 209 292 239 232 269 2
176 309 239 278 254 309 191 340 2
112 179 55 229 80 258 137 208 1
125 246 130 276 145 274 140 244 9
7 278 41 258 51 275 17 295 4
111 107 149 154 126 173 87 126 3
208 147 234 161 241 148 215 134 8
120 291 140 313 129 323 109 301 2
107 302 130 325 118 336 96 314 2
94 315 114 333 105 343 85 325 2
252 144 212 125 184 183 224 202 100
148 317 122 286 78 322 102 353 100
