283 155 313 150 316 165 286 170 8
286 175 316 169 319 184 289 190 8
290 194 320 190 322 205 292 209 8
99 239 102 278 122 276 119 238 0
123 133 176 161 162 188 109 160 6
90 163 73 190 86 198 104 172 8
280 71 321 49 332 70 291 91 0
233 253 304 273 294 308 223 288 4
153 91 187 65 200 82 166 108 4
164 110 199 83 212 100 178 128 4
180 129 212 102 226 118 194 145 4
154 267 161 314 184 310 178 264 0
178 263 184 309 207 306 201 260 0
20 54 66 43 72 66 26 77 0
28 80 72 68 78 90 34 102 0
27 78 73 67 68 44 22 55 0
226 153 255 149 257 164 228 168 9
230 170 260 166 262 181 232 185 9
234 186 261 182 263 196 236 200 9
21 203 62 215 56 235 15 224 5
13 226 55 236 50 257 8 247 5
152 209 217 242 234 210 168 176 4
39 106 78 94 84 114 45 126 0
2 262 42 277 50 257 9 242 5
316 144 277 151 289 215 328 208 100
190 58 145 88 187 152 232 122 100
149 263 158 318 236 306 227 251 100
71 36 13 52 35 134 93 118 100
69 213 20 196 -6 270 43 287 100
261 144 223 149 231 207 269 202 100
262 254 251 302 275 308 286 260 4
193 179 168 227 192 240 217 192 4
