145 29 136 93 168 98 177 34 2
220 89 292 81 296 117 224 125 2
245 184 267 244 297 233 275 173 2
235 209 300 186 312 218 247 242 2
176 285 230 239 253 266 199 312 1
154 147 159 223 197 220 192 144 3
43 269 52 350 92 346 83 264 9
152 171 200 166 203 190 155 195 3
110 150 136 143 140 156 114 163 9
114 166 139 158 143 170 118 178 9
119 179 145 171 149 184 123 192 9
69 54 95 63 91 76 64 67 8
65 68 93 77 88 91 60 82 8
58 83 87 92 82 106 54 98 8
39 198 69 220 58 235 28 213 4
24 213 56 234 45 250 13 229 4
81 206 106 193 112 205 88 218 2
89 220 111 206 118 217 96 231 2
95 233 119 218 126 230 102 245 2
106 59 63 46 47 100 90 113 100
138 134 103 144 119 202 154 192 100
89 203 52 174 8 230 45 259 100
106 183 75 198 101 254 132 239 100
