98 235 128 232 130 247 100 250 8
101 257 131 255 132 270 102 272 8
102 276 133 271 136 286 104 292 8
146 226 186 176 211 196 171 246 6
154 73 149 114 170 116 175 76 4
176 73 171 121 195 124 200 76 4
203 76 197 123 220 126 226 79 4
225 174 226 128 249 128 248 174 5
251 128 252 175 276 174 275 128 5
17 126 7 173 31 178 41 131 0
43 132 32 180 56 186 67 138 0
236 259 241 299 221 302 216 262 0
218 297 215 258 196 260 199 298 0
195 263 197 300 178 301 176 264 0
222 130 223 174 201 174 200 130 5
134 227 91 232 99 300 142 295 100
146 63 139 124 225 134 232 73 100
189 124 191 182 285 178 283 120 100
13 120 0 180 86 198 99 138 100
170 253 174 309 244 303 240 247 100
