65 108 95 159 69 174 40 123 4
144 31 143 97 176 98 177 32 2
259 115 264 143 278 140 273 112 8
278 112 283 142 298 140 293 109 8
299 109 304 140 320 138 314 106 8
242 144 223 215 258 224 278 154 1
260 251 317 243 321 272 264 280 2
272 230 284 302 320 296 308 224 2
116 154 142 160 139 173 113 167 9
90 227 119 214 126 228 97 242 2
54 268 61 354 104 350 97 264 9
112 170 139 177 135 191 108 184 9
38 198 70 218 60 234 28 214 4
25 216 58 236 48 252 15 232 4
13 233 45 253 35 269 3 249 4
253 108 259 152 323 144 317 100 100
75 219 34 193 -2 249 39 275 100
149 161 114 150 98 200 133 211 100
