277 168 258 185 266 194 286 178 8
289 182 267 200 276 211 298 193 8
149 207 210 217 205 248 144 238 6
191 296 216 333 234 320 210 284 4
210 281 233 323 254 312 231 270 4
229 269 253 309 273 297 249 257 4
256 183 278 164 268 153 246 172 8
91 111 127 101 132 119 96 129 0
94 133 135 120 142 141 101 154 0
100 155 142 141 149 162 107 176 0
266 65 290 102 272 114 248 77 0
245 78 270 114 252 126 227 90 0
176 171 202 145 215 158 189 184 0
189 184 216 159 228 172 201 197 0
200 196 228 172 240 186 212 210 0
267 146 241 163 275 217 303 198 100
183 292 211 341 281 301 253 252 100
137 95 83 107 99 179 153 167 100
205 140 172 170 212 216 245 186 100
295 105 266 59 202 99 231 145 100
