188 298 214 335 232 322 206 285 4
204 283 234 326 255 311 226 268 4
228 270 253 305 270 292 246 258 4
269 62 292 100 273 112 250 74 0
246 72 272 115 250 128 224 85 0
221 85 246 126 226 138 201 97 0
106 184 151 172 145 150 100 161 0
98 157 143 147 138 124 93 134 0
95 129 135 119 130 99 90 109 0
83 196 57 233 76 246 102 209 0
105 207 76 249 97 264 126 222 0
148 204 215 213 211 246 144 237 6
101 263 127 224 146 237 120 276 0
226 150 194 94 270 50 302 106 100
212 344 180 292 248 250 280 302 100
138 92 82 103 98 189 154 178 100
85 186 49 235 117 285 153 236 100
