118 52 186 57 183 91 116 86 2
263 254 322 247 325 276 266 284 2
269 230 282 298 316 291 303 224 2
241 147 221 215 255 225 275 157 1
45 272 38 353 79 356 86 276 9
263 116 267 142 280 140 276 114 8
279 114 283 141 296 139 292 112 8
296 111 300 142 316 140 312 109 8
148 181 155 237 183 234 176 178 10
133 199 187 195 189 222 135 226 10
133 194 178 232 197 210 152 172 10
138 222 168 179 190 194 160 237 10
3 204 64 173 80 204 18 234 4
54 65 41 91 54 98 67 72 2
66 74 53 99 66 106 78 80 2
79 79 68 104 80 110 92 84 2
228 279 256 286 252 300 224 293 9
222 295 253 302 250 318 219 310 9
240 80 261 110 276 100 255 70 4
254 69 278 102 294 90 270 57 4
273 56 297 91 314 79 290 44 4
227 277 253 284 256 271 231 264 9
255 106 258 151 320 147 317 102 100
57 59 34 95 74 121 97 83 100
267 266 225 257 213 313 255 322 100
316 83 284 38 232 76 264 121 100
