119 46 189 50 187 85 117 81 2
258 254 322 245 326 277 262 286 2
268 232 282 301 316 294 302 225 2
55 256 13 332 51 353 93 277 9
241 143 216 212 251 224 276 156 1
266 113 269 145 285 144 282 112 8
287 112 290 143 305 142 302 110 8
307 107 311 142 328 140 324 105 8
4 201 63 172 78 202 19 230 4
142 147 147 203 175 200 170 144 10
126 164 180 160 182 187 128 191 10
133 191 164 145 187 160 156 206 10
128 161 169 198 187 178 146 140 10
41 88 53 66 64 72 52 94 2
51 96 65 71 77 78 63 103 2
65 103 78 79 90 86 77 110 2
302 41 327 74 310 87 286 53 4
283 54 309 86 293 99 267 67 4
227 280 259 289 254 305 222 296 9
219 299 251 308 246 324 214 315 9
263 67 287 97 272 109 248 79 4
228 278 254 286 258 273 232 265 9
258 111 264 153 334 143 328 101 100
146 224 118 270 141 284 169 238 8
270 267 225 256 211 318 256 329 100
50 58 32 92 78 116 96 82 100
