244 186 232 208 243 214 255 192 8
258 194 245 220 258 226 271 200 8
275 203 262 228 274 234 288 210 8
189 192 157 238 180 254 212 208 6
85 260 90 306 113 304 108 258 4
108 253 113 302 138 300 133 250 4
133 248 138 295 162 292 156 246 4
195 64 186 101 205 106 214 68 0
214 67 204 106 223 111 234 72 0
234 73 224 108 242 113 252 78 0
83 169 89 214 112 211 105 166 0
106 165 114 211 137 207 129 161 0
131 160 136 204 158 202 153 158 0
245 177 223 213 271 243 293 207 100
194 55 180 105 244 123 258 73 100
77 164 88 222 166 208 155 150 100
79 250 87 313 167 303 159 240 100
