142 59 216 82 204 119 130 96 4
175 243 138 288 160 306 198 262 6
65 243 111 238 114 261 68 266 10
76 225 82 276 108 273 102 222 10
100 223 63 263 83 282 120 242 10
79 227 121 257 106 278 64 248 10
162 193 172 230 190 225 180 188 0
157 194 169 236 148 242 136 200 0
184 187 195 226 214 220 204 182 0
62 116 57 161 80 164 84 118 0
58 113 53 162 29 160 34 110 0
82 120 78 160 98 162 102 122 0
143 246 129 192 209 172 223 226 100
33 103 23 161 109 175 119 119 100
231 133 245 171 264 164 250 126 5
229 133 243 173 223 180 209 140 5
254 125 265 163 284 158 273 120 5
221 185 204 136 274 112 291 161 100
