22 58 23 126 57 126 56 58 10
5 72 69 76 67 108 3 104 10
168 103 156 137 173 143 185 109 4
190 110 178 148 197 154 209 116 4
8 74 40 116 61 100 29 58 10
51 69 5 92 16 115 62 92 10
54 228 36 264 54 273 72 237 0
76 239 59 273 76 282 93 248 0
94 250 79 284 96 292 111 258 0
148 312 180 272 160 256 128 296 4
178 330 204 297 220 310 194 343 4
166 101 153 132 138 126 150 94 4
186 273 155 310 174 326 204 288 4
168 154 113 169 121 197 176 182 8
143 88 126 130 198 158 215 116 100
163 244 123 298 197 354 237 302 100
51 222 31 271 101 299 121 250 100
