114 61 109 120 139 122 144 64 10
94 78 152 78 152 107 94 107 10
125 137 179 192 206 165 152 110 2
52 226 86 216 91 233 57 243 4
55 257 92 241 100 260 63 276 4
178 274 160 306 176 315 194 283 8
289 141 286 183 307 184 310 142 2
63 277 98 267 103 285 68 294 4
102 77 129 116 148 103 122 63 10
141 68 100 101 116 122 158 89 10
288 146 287 182 269 182 270 146 2
267 143 269 185 248 186 246 144 2
193 285 175 311 188 320 206 294 8
171 268 155 299 140 291 156 260 8
281 225 313 305 273 321 241 241 2
93 213 42 226 62 304 113 291 100
242 137 243 193 315 191 314 135 100
157 253 131 292 197 336 223 297 100
