93 79 122 108 136 94 108 64 0
180 98 265 85 272 128 186 140 9
134 109 179 139 164 162 119 132 6
223 192 197 216 209 229 235 205 2
140 265 150 297 166 292 156 260 9
108 61 137 92 152 78 124 46 0
92 81 122 108 109 123 79 96 0
112 185 123 233 147 228 136 180 3
162 177 87 199 98 236 173 214 3
159 258 170 290 186 284 175 252 9
136 268 151 298 136 306 121 276 9
212 182 251 222 231 242 192 202 2
203 281 257 285 255 312 201 308 10
241 268 235 324 207 321 213 265 10
241 267 199 297 214 318 256 288 10
220 267 255 301 238 318 203 284 10
107 133 69 96 123 40 161 75 100
134 313 114 274 172 244 192 283 100
