222 122 294 122 294 158 222 158 2
111 127 121 172 144 167 134 122 0
44 189 115 173 123 209 52 225 2
166 165 185 152 192 162 172 174 2
171 177 193 163 200 174 178 188 2
181 189 200 177 206 187 187 199 2
207 291 223 255 241 263 225 299 0
204 245 187 284 207 292 224 254 0
108 284 133 318 150 306 125 272 0
88 297 116 332 134 318 106 283 0
231 317 257 334 266 321 240 304 9
86 296 114 333 95 347 68 310 0
187 146 158 167 184 205 213 184 100
185 231 164 278 226 306 247 259 100
159 310 127 263 63 305 95 352 100
244 301 266 317 274 306 252 290 9
252 286 279 303 287 290 260 273 9
294 288 260 265 224 319 258 342 100
