141 92 141 164 177 164 177 92 10
127 108 202 108 202 146 127 146 10
176 89 119 132 141 161 198 118 10
150 90 203 134 181 161 128 116 10
204 155 248 164 244 186 200 177 4
207 140 201 209 235 212 242 143 4
241 246 270 277 255 292 226 260 4
222 257 256 295 237 312 203 274 4
204 275 233 308 216 322 187 290 4
115 181 85 213 101 228 131 196 0
134 195 102 230 120 246 152 211 0
150 212 120 248 138 263 168 227 0
44 195 78 227 62 244 28 212 0
278 278 236 236 180 290 224 334 100
117 171 77 214 137 270 177 227 100
25 215 56 246 40 262 10 230 0
101 208 65 171 5 231 41 268 100
