122 124 115 160 133 164 140 128 2
145 128 138 164 156 168 163 132 2
116 123 109 158 92 154 98 120 2
178 51 164 94 186 101 200 58 0
174 49 158 92 136 84 152 41 0
205 56 192 100 214 106 227 63 0
279 272 234 290 243 313 288 294 2
234 264 256 323 286 312 264 253 2
143 229 195 225 197 251 145 255 0
143 226 196 223 194 196 142 200 0
144 257 198 254 200 281 146 284 0
49 257 24 332 62 344 87 270 2
330 44 301 89 323 103 352 58 0
94 112 85 162 161 176 170 126 100
147 36 131 92 217 116 233 60 100
199 188 133 194 141 292 207 286 100
