67 226 104 240 97 258 60 244 2
59 249 96 263 89 282 52 268 2
67 222 107 236 114 216 74 202 2
209 274 254 306 238 328 193 296 2
229 265 188 318 214 338 256 286 2
316 224 271 241 280 264 325 247 0
315 221 273 234 266 213 309 200 0
328 250 284 267 292 289 337 272 0
56 101 79 137 97 126 74 90 0
75 85 99 124 118 112 94 73 0
52 103 77 138 60 150 34 116 0
192 103 144 109 147 133 195 127 0
198 131 154 137 157 159 201 153 0
190 97 143 106 138 82 186 74 0
120 213 74 195 44 271 90 289 100
314 193 254 213 282 295 342 275 100
194 70 133 78 145 166 206 158 100
126 117 95 68 27 110 58 159 100
