93 85 138 95 133 118 88 108 2
102 68 88 128 118 135 132 75 2
130 205 186 221 178 249 122 233 0
133 204 186 218 193 192 140 178 0
123 236 176 251 168 278 115 262 0
207 273 229 329 257 318 235 262 2
256 268 193 294 206 326 269 300 2
335 227 329 268 308 265 314 224 0
311 224 303 268 281 264 289 220 0
336 227 329 268 349 272 356 230 0
356 91 339 12 300 20 316 99 11
341 115 313 153 294 139 322 101 0
357 128 334 168 314 157 337 116 0
199 187 133 171 109 267 175 283 100
287 214 278 264 356 278 365 228 100
303 79 268 127 332 175 367 127 100
