81 52 58 140 102 152 125 64 1
193 49 230 104 258 86 220 31 6
53 227 60 297 95 294 88 224 10
42 238 71 301 102 286 73 224 10
92 228 138 229 138 206 92 205 2
93 206 137 206 137 184 93 184 2
149 175 177 164 183 178 154 189 2
154 189 184 178 190 193 160 204 2
149 173 176 164 171 150 144 159 2
194 180 161 246 194 262 227 196 2
200 164 236 140 248 158 212 182 0
234 137 195 162 182 142 222 118 0
250 159 212 185 225 204 263 178 0
165 263 167 327 199 326 197 262 10
151 277 212 278 212 308 150 308 10
152 273 182 327 209 312 179 258 10
197 259 149 302 171 326 219 283 10
176 144 137 157 155 209 194 196 100
225 112 179 140 223 210 269 182 100
141 160 89 160 89 230 141 230 100
