292 234 235 324 280 352 337 262 2
56 227 54 295 88 296 90 228 10
93 228 137 230 138 208 94 206 2
92 205 138 207 139 184 93 182 2
147 171 175 160 180 174 152 185 2
152 186 179 175 184 188 158 200 2
148 171 174 160 169 147 142 158 2
194 179 163 245 196 260 227 194 2
169 262 166 322 196 324 199 264 10
150 274 214 278 212 310 148 306 10
153 270 176 328 205 316 182 258 10
196 261 146 302 167 327 217 286 10
84 56 61 135 101 146 124 68 1
193 50 230 105 258 87 220 32 6
148 182 89 178 83 254 142 258 100
169 139 134 156 158 206 193 189 100
