129 177 174 176 174 154 128 154 0
128 153 177 152 176 128 128 128 0
129 177 176 176 177 200 130 200 0
215 170 252 202 268 184 231 152 0
215 171 255 202 239 222 200 191 0
187 224 244 256 228 284 171 252 10
64 275 82 320 105 311 87 266 0
63 275 80 322 56 330 40 284 0
84 266 105 309 126 298 106 256 0
61 226 83 262 101 251 79 215 0
78 215 100 248 116 237 94 204 0
60 226 83 262 65 274 42 238 0
79 137 100 161 112 150 91 126 9
76 136 101 162 88 174 63 148 9
91 126 114 149 126 138 102 114 9
114 57 152 79 141 98 103 76 4
159 42 190 89 214 74 182 26 2
206 30 153 70 173 96 226 56 2
122 310 199 320 194 358 117 348 4
184 122 122 120 118 208 182 210 100
140 302 115 246 29 284 54 340 100
126 239 96 196 36 238 66 281 100
135 140 102 105 56 147 89 182 100
293 166 244 124 190 188 239 230 100
212 229 187 268 206 280 232 242 10
