62 129 115 148 106 174 52 156 6
212 163 228 240 266 232 250 155 9
154 264 225 270 222 306 151 300 7
125 61 134 118 163 114 154 56 10
111 80 156 113 172 90 128 58 10
119 108 142 58 167 69 144 120 10
137 185 136 261 174 262 175 186 10
117 200 187 208 183 243 113 235 10
118 242 166 186 194 210 146 266 10
114 207 172 255 196 226 138 178 10
189 74 199 105 214 100 204 69 9
208 71 217 98 230 94 221 66 9
223 67 232 96 246 92 237 62 9
108 78 165 74 167 102 110 106 10
195 116 247 117 247 143 194 142 10
212 102 212 153 238 153 238 102 10
194 119 238 153 255 131 211 97 10
195 143 231 101 252 119 216 161 10
183 72 194 109 254 91 245 56 100
